(kicad_pcb (version 20171130) (host pcbnew "(5.0.0)")

  (general
    (thickness 1.6)
    (drawings 5)
    (tracks 123)
    (zones 0)
    (modules 14)
    (nets 33)
  )

  (page A4)
  (title_block
    (title "Lora Mailbox gateway")
    (date 2018-09-22)
    (rev 1.1)
  )

  (layers
    (0 F.Cu signal)
    (31 B.Cu signal)
    (32 B.Adhes user)
    (33 F.Adhes user)
    (34 B.Paste user)
    (35 F.Paste user)
    (36 B.SilkS user)
    (37 F.SilkS user)
    (38 B.Mask user)
    (39 F.Mask user)
    (40 Dwgs.User user)
    (41 Cmts.User user)
    (42 Eco1.User user)
    (43 Eco2.User user)
    (44 Edge.Cuts user)
    (45 Margin user)
    (46 B.CrtYd user)
    (47 F.CrtYd user)
    (48 B.Fab user)
    (49 F.Fab user)
  )

  (setup
    (last_trace_width 0.4)
    (trace_clearance 0.25)
    (zone_clearance 0.508)
    (zone_45_only no)
    (trace_min 0.2)
    (segment_width 0.2)
    (edge_width 0.1)
    (via_size 2)
    (via_drill 1)
    (via_min_size 0.4)
    (via_min_drill 0.3)
    (uvia_size 0.3)
    (uvia_drill 0.1)
    (uvias_allowed no)
    (uvia_min_size 0.2)
    (uvia_min_drill 0.1)
    (pcb_text_width 0.3)
    (pcb_text_size 1.5 1.5)
    (mod_edge_width 0.15)
    (mod_text_size 1 1)
    (mod_text_width 0.15)
    (pad_size 1.5 1.5)
    (pad_drill 0.6)
    (pad_to_mask_clearance 0)
    (aux_axis_origin 127.3302 108.6104)
    (visible_elements 7FFFFFFF)
    (pcbplotparams
      (layerselection 0x01000_7fffffff)
      (usegerberextensions false)
      (usegerberattributes false)
      (usegerberadvancedattributes false)
      (creategerberjobfile false)
      (excludeedgelayer true)
      (linewidth 0.100000)
      (plotframeref false)
      (viasonmask false)
      (mode 1)
      (useauxorigin true)
      (hpglpennumber 1)
      (hpglpenspeed 20)
      (hpglpendiameter 15.000000)
      (psnegative false)
      (psa4output false)
      (plotreference true)
      (plotvalue true)
      (plotinvisibletext false)
      (padsonsilk false)
      (subtractmaskfromsilk false)
      (outputformat 1)
      (mirror false)
      (drillshape 0)
      (scaleselection 1)
      (outputdirectory ""))
  )

  (net 0 "")
  (net 1 "Net-(U1-Pad1)")
  (net 2 "Net-(U1-Pad2)")
  (net 3 "Net-(U1-Pad3)")
  (net 4 "Net-(U1-Pad4)")
  (net 5 "Net-(U1-Pad6)")
  (net 6 "Net-(U1-Pad7)")
  (net 7 "Net-(U1-Pad8)")
  (net 8 "Net-(U1-Pad9)")
  (net 9 GND)
  (net 10 VCC)
  (net 11 "Net-(U1-Pad12)")
  (net 12 RESET)
  (net 13 "Net-(U1-Pad18)")
  (net 14 "Net-(U1-Pad19)")
  (net 15 MISO)
  (net 16 SCK)
  (net 17 MOSI)
  (net 18 CS)
  (net 19 I2C_SCL)
  (net 20 INT)
  (net 21 I2C_SDA)
  (net 22 "Net-(U3-Pad7)")
  (net 23 "Net-(J1-Pad1)")
  (net 24 "Net-(U3-Pad11)")
  (net 25 "Net-(U3-Pad12)")
  (net 26 "Net-(U3-Pad15)")
  (net 27 "Net-(U3-Pad16)")
  (net 28 "Net-(JP1-Pad1)")
  (net 29 "Net-(C5-Pad1)")
  (net 30 "Net-(R2-Pad2)")
  (net 31 "Net-(U1-Pad13)")
  (net 32 "Net-(U1-Pad26)")

  (net_class Default "This is the default net class."
    (clearance 0.25)
    (trace_width 0.4)
    (via_dia 2)
    (via_drill 1)
    (uvia_dia 0.3)
    (uvia_drill 0.1)
    (add_net CS)
    (add_net GND)
    (add_net I2C_SCL)
    (add_net I2C_SDA)
    (add_net INT)
    (add_net MISO)
    (add_net MOSI)
    (add_net "Net-(C5-Pad1)")
    (add_net "Net-(J1-Pad1)")
    (add_net "Net-(JP1-Pad1)")
    (add_net "Net-(R2-Pad2)")
    (add_net "Net-(U1-Pad1)")
    (add_net "Net-(U1-Pad12)")
    (add_net "Net-(U1-Pad13)")
    (add_net "Net-(U1-Pad18)")
    (add_net "Net-(U1-Pad19)")
    (add_net "Net-(U1-Pad2)")
    (add_net "Net-(U1-Pad26)")
    (add_net "Net-(U1-Pad3)")
    (add_net "Net-(U1-Pad4)")
    (add_net "Net-(U1-Pad6)")
    (add_net "Net-(U1-Pad7)")
    (add_net "Net-(U1-Pad8)")
    (add_net "Net-(U1-Pad9)")
    (add_net "Net-(U3-Pad11)")
    (add_net "Net-(U3-Pad12)")
    (add_net "Net-(U3-Pad15)")
    (add_net "Net-(U3-Pad16)")
    (add_net "Net-(U3-Pad7)")
    (add_net RESET)
    (add_net SCK)
    (add_net VCC)
  )

  (module Resistor_SMD:R_0805_2012Metric_Pad1.15x1.40mm_HandSolder (layer F.Cu) (tedit 5B36C52B) (tstamp 5BB36106)
    (at 152.5942 98.3742)
    (descr "Resistor SMD 0805 (2012 Metric), square (rectangular) end terminal, IPC_7351 nominal with elongated pad for handsoldering. (Body size source: https://docs.google.com/spreadsheets/d/1BsfQQcO9C6DZCsRaXUlFlo91Tg2WpOkGARC1WS5S8t0/edit?usp=sharing), generated with kicad-footprint-generator")
    (tags "resistor handsolder")
    (path /5BA6B1B6)
    (attr smd)
    (fp_text reference R4 (at 0 -1.65) (layer F.SilkS)
      (effects (font (size 1 1) (thickness 0.15)))
    )
    (fp_text value 10K (at 0 1.65) (layer F.Fab)
      (effects (font (size 1 1) (thickness 0.15)))
    )
    (fp_text user %R (at -0.097001 -0.029401) (layer F.Fab)
      (effects (font (size 0.5 0.5) (thickness 0.08)))
    )
    (fp_line (start 1.85 0.95) (end -1.85 0.95) (layer F.CrtYd) (width 0.05))
    (fp_line (start 1.85 -0.95) (end 1.85 0.95) (layer F.CrtYd) (width 0.05))
    (fp_line (start -1.85 -0.95) (end 1.85 -0.95) (layer F.CrtYd) (width 0.05))
    (fp_line (start -1.85 0.95) (end -1.85 -0.95) (layer F.CrtYd) (width 0.05))
    (fp_line (start -0.261252 0.71) (end 0.261252 0.71) (layer F.SilkS) (width 0.12))
    (fp_line (start -0.261252 -0.71) (end 0.261252 -0.71) (layer F.SilkS) (width 0.12))
    (fp_line (start 1 0.6) (end -1 0.6) (layer F.Fab) (width 0.1))
    (fp_line (start 1 -0.6) (end 1 0.6) (layer F.Fab) (width 0.1))
    (fp_line (start -1 -0.6) (end 1 -0.6) (layer F.Fab) (width 0.1))
    (fp_line (start -1 0.6) (end -1 -0.6) (layer F.Fab) (width 0.1))
    (pad 2 smd roundrect (at 1.025 0) (size 1.15 1.4) (layers F.Cu F.Paste F.Mask) (roundrect_rratio 0.217391)
      (net 19 I2C_SCL))
    (pad 1 smd roundrect (at -1.025 0) (size 1.15 1.4) (layers F.Cu F.Paste F.Mask) (roundrect_rratio 0.217391)
      (net 10 VCC))
    (model ${KISYS3DMOD}/Resistor_SMD.3dshapes/R_0805_2012Metric.wrl
      (at (xyz 0 0 0))
      (scale (xyz 1 1 1))
      (rotate (xyz 0 0 0))
    )
  )

  (module Resistor_SMD:R_0805_2012Metric_Pad1.15x1.40mm_HandSolder (layer F.Cu) (tedit 5B36C52B) (tstamp 5BB360F5)
    (at 152.5688 100.203)
    (descr "Resistor SMD 0805 (2012 Metric), square (rectangular) end terminal, IPC_7351 nominal with elongated pad for handsoldering. (Body size source: https://docs.google.com/spreadsheets/d/1BsfQQcO9C6DZCsRaXUlFlo91Tg2WpOkGARC1WS5S8t0/edit?usp=sharing), generated with kicad-footprint-generator")
    (tags "resistor handsolder")
    (path /5BA6B0CC)
    (attr smd)
    (fp_text reference R3 (at 0 -1.65) (layer F.SilkS)
      (effects (font (size 1 1) (thickness 0.15)))
    )
    (fp_text value 10K (at 0 1.397) (layer F.Fab)
      (effects (font (size 1 1) (thickness 0.15)))
    )
    (fp_line (start -1 0.6) (end -1 -0.6) (layer F.Fab) (width 0.1))
    (fp_line (start -1 -0.6) (end 1 -0.6) (layer F.Fab) (width 0.1))
    (fp_line (start 1 -0.6) (end 1 0.6) (layer F.Fab) (width 0.1))
    (fp_line (start 1 0.6) (end -1 0.6) (layer F.Fab) (width 0.1))
    (fp_line (start -0.261252 -0.71) (end 0.261252 -0.71) (layer F.SilkS) (width 0.12))
    (fp_line (start -0.261252 0.71) (end 0.261252 0.71) (layer F.SilkS) (width 0.12))
    (fp_line (start -1.85 0.95) (end -1.85 -0.95) (layer F.CrtYd) (width 0.05))
    (fp_line (start -1.85 -0.95) (end 1.85 -0.95) (layer F.CrtYd) (width 0.05))
    (fp_line (start 1.85 -0.95) (end 1.85 0.95) (layer F.CrtYd) (width 0.05))
    (fp_line (start 1.85 0.95) (end -1.85 0.95) (layer F.CrtYd) (width 0.05))
    (fp_text user %R (at 0 -0.0254) (layer F.Fab)
      (effects (font (size 0.5 0.5) (thickness 0.08)))
    )
    (pad 1 smd roundrect (at -1.025 0) (size 1.15 1.4) (layers F.Cu F.Paste F.Mask) (roundrect_rratio 0.217391)
      (net 10 VCC))
    (pad 2 smd roundrect (at 1.025 0) (size 1.15 1.4) (layers F.Cu F.Paste F.Mask) (roundrect_rratio 0.217391)
      (net 21 I2C_SDA))
    (model ${KISYS3DMOD}/Resistor_SMD.3dshapes/R_0805_2012Metric.wrl
      (at (xyz 0 0 0))
      (scale (xyz 1 1 1))
      (rotate (xyz 0 0 0))
    )
  )

  (module Capacitor_SMD:CP_Elec_5x5.9 (layer F.Cu) (tedit 5A841F9D) (tstamp 5BC027DE)
    (at 130.175 83.2202 270)
    (descr "SMT capacitor, aluminium electrolytic, 5x5.9, Panasonic B6 ")
    (tags "Capacitor Electrolytic")
    (path /5B67011D)
    (attr smd)
    (fp_text reference C4 (at 0 -3.7 270) (layer F.SilkS)
      (effects (font (size 1 1) (thickness 0.15)))
    )
    (fp_text value CP (at 0 3.7 270) (layer F.Fab)
      (effects (font (size 1 1) (thickness 0.15)))
    )
    (fp_circle (center 0 0) (end 2.5 0) (layer F.Fab) (width 0.1))
    (fp_line (start 2.65 -2.65) (end 2.65 2.65) (layer F.Fab) (width 0.1))
    (fp_line (start -1.65 -2.65) (end 2.65 -2.65) (layer F.Fab) (width 0.1))
    (fp_line (start -1.65 2.65) (end 2.65 2.65) (layer F.Fab) (width 0.1))
    (fp_line (start -2.65 -1.65) (end -2.65 1.65) (layer F.Fab) (width 0.1))
    (fp_line (start -2.65 -1.65) (end -1.65 -2.65) (layer F.Fab) (width 0.1))
    (fp_line (start -2.65 1.65) (end -1.65 2.65) (layer F.Fab) (width 0.1))
    (fp_line (start -2.033956 -1.2) (end -1.533956 -1.2) (layer F.Fab) (width 0.1))
    (fp_line (start -1.783956 -1.45) (end -1.783956 -0.95) (layer F.Fab) (width 0.1))
    (fp_line (start 2.76 2.76) (end 2.76 1.06) (layer F.SilkS) (width 0.12))
    (fp_line (start 2.76 -2.76) (end 2.76 -1.06) (layer F.SilkS) (width 0.12))
    (fp_line (start -1.695563 -2.76) (end 2.76 -2.76) (layer F.SilkS) (width 0.12))
    (fp_line (start -1.695563 2.76) (end 2.76 2.76) (layer F.SilkS) (width 0.12))
    (fp_line (start -2.76 1.695563) (end -2.76 1.06) (layer F.SilkS) (width 0.12))
    (fp_line (start -2.76 -1.695563) (end -2.76 -1.06) (layer F.SilkS) (width 0.12))
    (fp_line (start -2.76 -1.695563) (end -1.695563 -2.76) (layer F.SilkS) (width 0.12))
    (fp_line (start -2.76 1.695563) (end -1.695563 2.76) (layer F.SilkS) (width 0.12))
    (fp_line (start -3.625 -1.685) (end -3 -1.685) (layer F.SilkS) (width 0.12))
    (fp_line (start -3.3125 -1.9975) (end -3.3125 -1.3725) (layer F.SilkS) (width 0.12))
    (fp_line (start 2.9 -2.9) (end 2.9 -1.05) (layer F.CrtYd) (width 0.05))
    (fp_line (start 2.9 -1.05) (end 3.95 -1.05) (layer F.CrtYd) (width 0.05))
    (fp_line (start 3.95 -1.05) (end 3.95 1.05) (layer F.CrtYd) (width 0.05))
    (fp_line (start 3.95 1.05) (end 2.9 1.05) (layer F.CrtYd) (width 0.05))
    (fp_line (start 2.9 1.05) (end 2.9 2.9) (layer F.CrtYd) (width 0.05))
    (fp_line (start -1.75 2.9) (end 2.9 2.9) (layer F.CrtYd) (width 0.05))
    (fp_line (start -1.75 -2.9) (end 2.9 -2.9) (layer F.CrtYd) (width 0.05))
    (fp_line (start -2.9 1.75) (end -1.75 2.9) (layer F.CrtYd) (width 0.05))
    (fp_line (start -2.9 -1.75) (end -1.75 -2.9) (layer F.CrtYd) (width 0.05))
    (fp_line (start -2.9 -1.75) (end -2.9 -1.05) (layer F.CrtYd) (width 0.05))
    (fp_line (start -2.9 1.05) (end -2.9 1.75) (layer F.CrtYd) (width 0.05))
    (fp_line (start -2.9 -1.05) (end -3.95 -1.05) (layer F.CrtYd) (width 0.05))
    (fp_line (start -3.95 -1.05) (end -3.95 1.05) (layer F.CrtYd) (width 0.05))
    (fp_line (start -3.95 1.05) (end -2.9 1.05) (layer F.CrtYd) (width 0.05))
    (fp_text user %R (at 0 0 270) (layer F.Fab)
      (effects (font (size 1 1) (thickness 0.15)))
    )
    (pad 1 smd rect (at -2.2 0 270) (size 3 1.6) (layers F.Cu F.Paste F.Mask)
      (net 10 VCC))
    (pad 2 smd rect (at 2.2 0 270) (size 3 1.6) (layers F.Cu F.Paste F.Mask)
      (net 9 GND))
    (model ${KISYS3DMOD}/Capacitor_SMD.3dshapes/CP_Elec_5x5.9.wrl
      (at (xyz 0 0 0))
      (scale (xyz 1 1 1))
      (rotate (xyz 0 0 0))
    )
  )

  (module Resistor_SMD:R_2512_6332Metric_Pad1.52x3.35mm_HandSolder (layer F.Cu) (tedit 5B301BBD) (tstamp 5BC01AA8)
    (at 150.2156 94.996 180)
    (descr "Resistor SMD 2512 (6332 Metric), square (rectangular) end terminal, IPC_7351 nominal with elongated pad for handsoldering. (Body size source: http://www.tortai-tech.com/upload/download/2011102023233369053.pdf), generated with kicad-footprint-generator")
    (tags "resistor handsolder")
    (path /5BA6DC2B)
    (attr smd)
    (fp_text reference R2 (at 0 -2.6924 180) (layer F.SilkS)
      (effects (font (size 1 1) (thickness 0.15)))
    )
    (fp_text value 0R (at 0 2.62 180) (layer F.Fab)
      (effects (font (size 1 1) (thickness 0.15)))
    )
    (fp_line (start -3.15 1.6) (end -3.15 -1.6) (layer F.Fab) (width 0.1))
    (fp_line (start -3.15 -1.6) (end 3.15 -1.6) (layer F.Fab) (width 0.1))
    (fp_line (start 3.15 -1.6) (end 3.15 1.6) (layer F.Fab) (width 0.1))
    (fp_line (start 3.15 1.6) (end -3.15 1.6) (layer F.Fab) (width 0.1))
    (fp_line (start -2.052064 -1.71) (end 2.052064 -1.71) (layer F.SilkS) (width 0.12))
    (fp_line (start -2.052064 1.71) (end 2.052064 1.71) (layer F.SilkS) (width 0.12))
    (fp_line (start -4 1.92) (end -4 -1.92) (layer F.CrtYd) (width 0.05))
    (fp_line (start -4 -1.92) (end 4 -1.92) (layer F.CrtYd) (width 0.05))
    (fp_line (start 4 -1.92) (end 4 1.92) (layer F.CrtYd) (width 0.05))
    (fp_line (start 4 1.92) (end -4 1.92) (layer F.CrtYd) (width 0.05))
    (fp_text user %R (at 0.5588 0 180) (layer F.Fab)
      (effects (font (size 1 1) (thickness 0.15)))
    )
    (pad 1 smd roundrect (at -2.9875 0 180) (size 1.525 3.35) (layers F.Cu F.Paste F.Mask) (roundrect_rratio 0.163934)
      (net 20 INT))
    (pad 2 smd roundrect (at 2.9875 0 180) (size 1.525 3.35) (layers F.Cu F.Paste F.Mask) (roundrect_rratio 0.163934)
      (net 30 "Net-(R2-Pad2)"))
    (model ${KISYS3DMOD}/Resistor_SMD.3dshapes/R_2512_6332Metric.wrl
      (at (xyz 0 0 0))
      (scale (xyz 1 1 1))
      (rotate (xyz 0 0 0))
    )
  )

  (module Capacitor_SMD:C_0805_2012Metric_Pad1.15x1.40mm_HandSolder (layer F.Cu) (tedit 5B36C52B) (tstamp 5BC00BFC)
    (at 161.8234 88.3068 90)
    (descr "Capacitor SMD 0805 (2012 Metric), square (rectangular) end terminal, IPC_7351 nominal with elongated pad for handsoldering. (Body size source: https://docs.google.com/spreadsheets/d/1BsfQQcO9C6DZCsRaXUlFlo91Tg2WpOkGARC1WS5S8t0/edit?usp=sharing), generated with kicad-footprint-generator")
    (tags "capacitor handsolder")
    (path /5BA6C7E2)
    (attr smd)
    (fp_text reference C6 (at 0 -1.65 90) (layer F.SilkS)
      (effects (font (size 1 1) (thickness 0.15)))
    )
    (fp_text value 100n (at 0 1.65 90) (layer F.Fab)
      (effects (font (size 1 1) (thickness 0.15)))
    )
    (fp_text user %R (at -0.245 -0.1524 90) (layer F.Fab)
      (effects (font (size 0.5 0.5) (thickness 0.08)))
    )
    (fp_line (start 1.85 0.95) (end -1.85 0.95) (layer F.CrtYd) (width 0.05))
    (fp_line (start 1.85 -0.95) (end 1.85 0.95) (layer F.CrtYd) (width 0.05))
    (fp_line (start -1.85 -0.95) (end 1.85 -0.95) (layer F.CrtYd) (width 0.05))
    (fp_line (start -1.85 0.95) (end -1.85 -0.95) (layer F.CrtYd) (width 0.05))
    (fp_line (start -0.261252 0.71) (end 0.261252 0.71) (layer F.SilkS) (width 0.12))
    (fp_line (start -0.261252 -0.71) (end 0.261252 -0.71) (layer F.SilkS) (width 0.12))
    (fp_line (start 1 0.6) (end -1 0.6) (layer F.Fab) (width 0.1))
    (fp_line (start 1 -0.6) (end 1 0.6) (layer F.Fab) (width 0.1))
    (fp_line (start -1 -0.6) (end 1 -0.6) (layer F.Fab) (width 0.1))
    (fp_line (start -1 0.6) (end -1 -0.6) (layer F.Fab) (width 0.1))
    (pad 2 smd roundrect (at 1.025 0 90) (size 1.15 1.4) (layers F.Cu F.Paste F.Mask) (roundrect_rratio 0.217391)
      (net 9 GND))
    (pad 1 smd roundrect (at -1.025 0 90) (size 1.15 1.4) (layers F.Cu F.Paste F.Mask) (roundrect_rratio 0.217391)
      (net 10 VCC))
    (model ${KISYS3DMOD}/Capacitor_SMD.3dshapes/C_0805_2012Metric.wrl
      (at (xyz 0 0 0))
      (scale (xyz 1 1 1))
      (rotate (xyz 0 0 0))
    )
  )

  (module Capacitor_SMD:C_0805_2012Metric_Pad1.15x1.40mm_HandSolder (layer F.Cu) (tedit 5B36C52B) (tstamp 5BC00BEB)
    (at 131.6482 66.8528 180)
    (descr "Capacitor SMD 0805 (2012 Metric), square (rectangular) end terminal, IPC_7351 nominal with elongated pad for handsoldering. (Body size source: https://docs.google.com/spreadsheets/d/1BsfQQcO9C6DZCsRaXUlFlo91Tg2WpOkGARC1WS5S8t0/edit?usp=sharing), generated with kicad-footprint-generator")
    (tags "capacitor handsolder")
    (path /5BA6CB6F)
    (attr smd)
    (fp_text reference C5 (at 0 -1.65 180) (layer F.SilkS)
      (effects (font (size 1 1) (thickness 0.15)))
    )
    (fp_text value 100n (at 0 1.65 180) (layer F.Fab)
      (effects (font (size 1 1) (thickness 0.15)))
    )
    (fp_line (start -1 0.6) (end -1 -0.6) (layer F.Fab) (width 0.1))
    (fp_line (start -1 -0.6) (end 1 -0.6) (layer F.Fab) (width 0.1))
    (fp_line (start 1 -0.6) (end 1 0.6) (layer F.Fab) (width 0.1))
    (fp_line (start 1 0.6) (end -1 0.6) (layer F.Fab) (width 0.1))
    (fp_line (start -0.261252 -0.71) (end 0.261252 -0.71) (layer F.SilkS) (width 0.12))
    (fp_line (start -0.261252 0.71) (end 0.261252 0.71) (layer F.SilkS) (width 0.12))
    (fp_line (start -1.85 0.95) (end -1.85 -0.95) (layer F.CrtYd) (width 0.05))
    (fp_line (start -1.85 -0.95) (end 1.85 -0.95) (layer F.CrtYd) (width 0.05))
    (fp_line (start 1.85 -0.95) (end 1.85 0.95) (layer F.CrtYd) (width 0.05))
    (fp_line (start 1.85 0.95) (end -1.85 0.95) (layer F.CrtYd) (width 0.05))
    (fp_text user %R (at 0 0 180) (layer F.Fab)
      (effects (font (size 0.5 0.5) (thickness 0.08)))
    )
    (pad 1 smd roundrect (at -1.025 0 180) (size 1.15 1.4) (layers F.Cu F.Paste F.Mask) (roundrect_rratio 0.217391)
      (net 29 "Net-(C5-Pad1)"))
    (pad 2 smd roundrect (at 1.025 0 180) (size 1.15 1.4) (layers F.Cu F.Paste F.Mask) (roundrect_rratio 0.217391)
      (net 9 GND))
    (model ${KISYS3DMOD}/Capacitor_SMD.3dshapes/C_0805_2012Metric.wrl
      (at (xyz 0 0 0))
      (scale (xyz 1 1 1))
      (rotate (xyz 0 0 0))
    )
  )

  (module Jumper:SolderJumper-2_P1.3mm_Open_TrianglePad1.0x1.5mm (layer F.Cu) (tedit 5A64794F) (tstamp 5BC00B7A)
    (at 130.5422 92.1512 180)
    (descr "SMD Solder Jumper, 1x1.5mm Triangular Pads, 0.3mm gap, open")
    (tags "solder jumper open")
    (path /5BA6C29F)
    (attr virtual)
    (fp_text reference JP1 (at 0 -1.8 180) (layer F.SilkS)
      (effects (font (size 1 1) (thickness 0.15)))
    )
    (fp_text value Jumper (at 0 1.9 180) (layer F.Fab)
      (effects (font (size 1 1) (thickness 0.15)))
    )
    (fp_line (start -1.4 1) (end -1.4 -1) (layer F.SilkS) (width 0.12))
    (fp_line (start 1.4 1) (end -1.4 1) (layer F.SilkS) (width 0.12))
    (fp_line (start 1.4 -1) (end 1.4 1) (layer F.SilkS) (width 0.12))
    (fp_line (start -1.4 -1) (end 1.4 -1) (layer F.SilkS) (width 0.12))
    (fp_line (start -1.65 -1.25) (end 1.65 -1.25) (layer F.CrtYd) (width 0.05))
    (fp_line (start -1.65 -1.25) (end -1.65 1.25) (layer F.CrtYd) (width 0.05))
    (fp_line (start 1.65 1.25) (end 1.65 -1.25) (layer F.CrtYd) (width 0.05))
    (fp_line (start 1.65 1.25) (end -1.65 1.25) (layer F.CrtYd) (width 0.05))
    (pad 2 smd custom (at 0.725 0 180) (size 0.3 0.3) (layers F.Cu F.Mask)
      (net 9 GND) (zone_connect 0)
      (options (clearance outline) (anchor rect))
      (primitives
        (gr_poly (pts
           (xy -0.65 -0.75) (xy 0.5 -0.75) (xy 0.5 0.75) (xy -0.65 0.75) (xy -0.15 0)
) (width 0))
      ))
    (pad 1 smd custom (at -0.725 0 180) (size 0.3 0.3) (layers F.Cu F.Mask)
      (net 28 "Net-(JP1-Pad1)") (zone_connect 0)
      (options (clearance outline) (anchor rect))
      (primitives
        (gr_poly (pts
           (xy -0.5 -0.75) (xy 0.5 -0.75) (xy 1 0) (xy 0.5 0.75) (xy -0.5 0.75)
) (width 0))
      ))
  )

  (module Capacitor_SMD:C_0805_2012Metric_Pad1.15x1.40mm_HandSolder (layer F.Cu) (tedit 5B36C52B) (tstamp 5BC0025D)
    (at 131.4958 76.8858 180)
    (descr "Capacitor SMD 0805 (2012 Metric), square (rectangular) end terminal, IPC_7351 nominal with elongated pad for handsoldering. (Body size source: https://docs.google.com/spreadsheets/d/1BsfQQcO9C6DZCsRaXUlFlo91Tg2WpOkGARC1WS5S8t0/edit?usp=sharing), generated with kicad-footprint-generator")
    (tags "capacitor handsolder")
    (path /5B6705C1)
    (attr smd)
    (fp_text reference C3 (at 0 -1.65 180) (layer F.SilkS)
      (effects (font (size 1 1) (thickness 0.15)))
    )
    (fp_text value C (at 0 1.65 180) (layer F.Fab)
      (effects (font (size 1 1) (thickness 0.15)))
    )
    (fp_line (start -1 0.6) (end -1 -0.6) (layer F.Fab) (width 0.1))
    (fp_line (start -1 -0.6) (end 1 -0.6) (layer F.Fab) (width 0.1))
    (fp_line (start 1 -0.6) (end 1 0.6) (layer F.Fab) (width 0.1))
    (fp_line (start 1 0.6) (end -1 0.6) (layer F.Fab) (width 0.1))
    (fp_line (start -0.261252 -0.71) (end 0.261252 -0.71) (layer F.SilkS) (width 0.12))
    (fp_line (start -0.261252 0.71) (end 0.261252 0.71) (layer F.SilkS) (width 0.12))
    (fp_line (start -1.85 0.95) (end -1.85 -0.95) (layer F.CrtYd) (width 0.05))
    (fp_line (start -1.85 -0.95) (end 1.85 -0.95) (layer F.CrtYd) (width 0.05))
    (fp_line (start 1.85 -0.95) (end 1.85 0.95) (layer F.CrtYd) (width 0.05))
    (fp_line (start 1.85 0.95) (end -1.85 0.95) (layer F.CrtYd) (width 0.05))
    (fp_text user %R (at 0 0 180) (layer F.Fab)
      (effects (font (size 0.5 0.5) (thickness 0.08)))
    )
    (pad 1 smd roundrect (at -1.025 0 180) (size 1.15 1.4) (layers F.Cu F.Paste F.Mask) (roundrect_rratio 0.217391)
      (net 10 VCC))
    (pad 2 smd roundrect (at 1.025 0 180) (size 1.15 1.4) (layers F.Cu F.Paste F.Mask) (roundrect_rratio 0.217391)
      (net 9 GND))
    (model ${KISYS3DMOD}/Capacitor_SMD.3dshapes/C_0805_2012Metric.wrl
      (at (xyz 0 0 0))
      (scale (xyz 1 1 1))
      (rotate (xyz 0 0 0))
    )
  )

  (module Capacitor_SMD:C_0805_2012Metric_Pad1.15x1.40mm_HandSolder (layer F.Cu) (tedit 5B36C52B) (tstamp 5BC0024C)
    (at 131.4704 74.3966 180)
    (descr "Capacitor SMD 0805 (2012 Metric), square (rectangular) end terminal, IPC_7351 nominal with elongated pad for handsoldering. (Body size source: https://docs.google.com/spreadsheets/d/1BsfQQcO9C6DZCsRaXUlFlo91Tg2WpOkGARC1WS5S8t0/edit?usp=sharing), generated with kicad-footprint-generator")
    (tags "capacitor handsolder")
    (path /5BA6AAFA)
    (attr smd)
    (fp_text reference C2 (at 0 -1.65 180) (layer F.SilkS)
      (effects (font (size 1 1) (thickness 0.15)))
    )
    (fp_text value 100n (at 0 1.65 180) (layer F.Fab)
      (effects (font (size 1 1) (thickness 0.15)))
    )
    (fp_text user %R (at 0 0 180) (layer F.Fab)
      (effects (font (size 0.5 0.5) (thickness 0.08)))
    )
    (fp_line (start 1.85 0.95) (end -1.85 0.95) (layer F.CrtYd) (width 0.05))
    (fp_line (start 1.85 -0.95) (end 1.85 0.95) (layer F.CrtYd) (width 0.05))
    (fp_line (start -1.85 -0.95) (end 1.85 -0.95) (layer F.CrtYd) (width 0.05))
    (fp_line (start -1.85 0.95) (end -1.85 -0.95) (layer F.CrtYd) (width 0.05))
    (fp_line (start -0.261252 0.71) (end 0.261252 0.71) (layer F.SilkS) (width 0.12))
    (fp_line (start -0.261252 -0.71) (end 0.261252 -0.71) (layer F.SilkS) (width 0.12))
    (fp_line (start 1 0.6) (end -1 0.6) (layer F.Fab) (width 0.1))
    (fp_line (start 1 -0.6) (end 1 0.6) (layer F.Fab) (width 0.1))
    (fp_line (start -1 -0.6) (end 1 -0.6) (layer F.Fab) (width 0.1))
    (fp_line (start -1 0.6) (end -1 -0.6) (layer F.Fab) (width 0.1))
    (pad 2 smd roundrect (at 1.025 0 180) (size 1.15 1.4) (layers F.Cu F.Paste F.Mask) (roundrect_rratio 0.217391)
      (net 9 GND))
    (pad 1 smd roundrect (at -1.025 0 180) (size 1.15 1.4) (layers F.Cu F.Paste F.Mask) (roundrect_rratio 0.217391)
      (net 10 VCC))
    (model ${KISYS3DMOD}/Capacitor_SMD.3dshapes/C_0805_2012Metric.wrl
      (at (xyz 0 0 0))
      (scale (xyz 1 1 1))
      (rotate (xyz 0 0 0))
    )
  )

  (module Capacitor_SMD:C_0805_2012Metric_Pad1.15x1.40mm_HandSolder (layer F.Cu) (tedit 5B36C52B) (tstamp 5BC0023B)
    (at 162.5346 66.7258)
    (descr "Capacitor SMD 0805 (2012 Metric), square (rectangular) end terminal, IPC_7351 nominal with elongated pad for handsoldering. (Body size source: https://docs.google.com/spreadsheets/d/1BsfQQcO9C6DZCsRaXUlFlo91Tg2WpOkGARC1WS5S8t0/edit?usp=sharing), generated with kicad-footprint-generator")
    (tags "capacitor handsolder")
    (path /5BA6B450)
    (attr smd)
    (fp_text reference C1 (at 0 -1.65) (layer F.SilkS)
      (effects (font (size 1 1) (thickness 0.15)))
    )
    (fp_text value 100n (at 0 1.65) (layer F.Fab)
      (effects (font (size 1 1) (thickness 0.15)))
    )
    (fp_line (start -1 0.6) (end -1 -0.6) (layer F.Fab) (width 0.1))
    (fp_line (start -1 -0.6) (end 1 -0.6) (layer F.Fab) (width 0.1))
    (fp_line (start 1 -0.6) (end 1 0.6) (layer F.Fab) (width 0.1))
    (fp_line (start 1 0.6) (end -1 0.6) (layer F.Fab) (width 0.1))
    (fp_line (start -0.261252 -0.71) (end 0.261252 -0.71) (layer F.SilkS) (width 0.12))
    (fp_line (start -0.261252 0.71) (end 0.261252 0.71) (layer F.SilkS) (width 0.12))
    (fp_line (start -1.85 0.95) (end -1.85 -0.95) (layer F.CrtYd) (width 0.05))
    (fp_line (start -1.85 -0.95) (end 1.85 -0.95) (layer F.CrtYd) (width 0.05))
    (fp_line (start 1.85 -0.95) (end 1.85 0.95) (layer F.CrtYd) (width 0.05))
    (fp_line (start 1.85 0.95) (end -1.85 0.95) (layer F.CrtYd) (width 0.05))
    (fp_text user %R (at 0 0) (layer F.Fab)
      (effects (font (size 0.5 0.5) (thickness 0.08)))
    )
    (pad 1 smd roundrect (at -1.025 0) (size 1.15 1.4) (layers F.Cu F.Paste F.Mask) (roundrect_rratio 0.217391)
      (net 10 VCC))
    (pad 2 smd roundrect (at 1.025 0) (size 1.15 1.4) (layers F.Cu F.Paste F.Mask) (roundrect_rratio 0.217391)
      (net 9 GND))
    (model ${KISYS3DMOD}/Capacitor_SMD.3dshapes/C_0805_2012Metric.wrl
      (at (xyz 0 0 0))
      (scale (xyz 1 1 1))
      (rotate (xyz 0 0 0))
    )
  )

  (module Libs:OLED_128x32_I2C (layer F.Cu) (tedit 5A5CF860) (tstamp 5BC00217)
    (at 146.6088 99.9998 180)
    (path /5BA6A976)
    (fp_text reference U2 (at -1 8 180) (layer F.SilkS)
      (effects (font (size 1 1) (thickness 0.15)))
    )
    (fp_text value OLED_128x32_i2c (at 1 -7.5 180) (layer F.Fab)
      (effects (font (size 1 1) (thickness 0.15)))
    )
    (fp_text user 1 (at -16 -4 180) (layer F.SilkS)
      (effects (font (size 1 1) (thickness 0.15)))
    )
    (fp_text user "32x128 OLED" (at -1.5 0 180) (layer F.SilkS)
      (effects (font (size 1 1) (thickness 0.15)))
    )
    (fp_line (start -14 6) (end 13 6) (layer F.SilkS) (width 0.15))
    (fp_line (start 13 6) (end 13 -5) (layer F.SilkS) (width 0.15))
    (fp_line (start 13 -5) (end -14 -5) (layer F.SilkS) (width 0.15))
    (fp_line (start -14 -5) (end -14 6) (layer F.SilkS) (width 0.15))
    (fp_line (start -19 -5.5) (end -19 6.5) (layer F.SilkS) (width 0.15))
    (fp_line (start -19 6.5) (end 17 6.5) (layer F.SilkS) (width 0.15))
    (fp_line (start 17 6.5) (end 17 -5.5) (layer F.SilkS) (width 0.15))
    (fp_line (start 17 -5.5) (end -19 -5.5) (layer F.SilkS) (width 0.15))
    (pad 1 thru_hole circle (at -17.68 -3.57 180) (size 1.524 1.524) (drill 0.762) (layers *.Cu *.Mask)
      (net 21 I2C_SDA))
    (pad 2 thru_hole circle (at -17.68 -1.03 180) (size 1.524 1.524) (drill 0.762) (layers *.Cu *.Mask)
      (net 19 I2C_SCL))
    (pad 3 thru_hole circle (at -17.68 1.51 180) (size 1.524 1.524) (drill 0.762) (layers *.Cu *.Mask)
      (net 10 VCC))
    (pad 4 thru_hole circle (at -17.68 4.05 180) (size 1.524 1.524) (drill 0.762) (layers *.Cu *.Mask)
      (net 9 GND))
  )

  (module "Libs:SMA_edge connector" (layer F.Cu) (tedit 5BA65CFD) (tstamp 5BC00205)
    (at 140.9602 60.3826 180)
    (path /5BA6B77C)
    (fp_text reference J1 (at 2.25 6 180) (layer F.SilkS)
      (effects (font (size 1 1) (thickness 0.15)))
    )
    (fp_text value Edge_Connector (at 2.75 -1.25 180) (layer F.Fab)
      (effects (font (size 1 1) (thickness 0.15)))
    )
    (fp_line (start -1 0.5) (end 5.5 0.5) (layer F.CrtYd) (width 0.15))
    (fp_line (start 5.5 0.5) (end 5.5 5) (layer F.CrtYd) (width 0.15))
    (fp_line (start 5.5 5) (end -1 5) (layer F.CrtYd) (width 0.15))
    (fp_line (start -1 5) (end -1 0.5) (layer F.CrtYd) (width 0.15))
    (pad 2 smd rect (at 0 2.75 180) (size 1.524 4.2) (layers F.Cu F.Paste F.Mask)
      (net 9 GND))
    (pad 1 smd rect (at 2.2 2.75 180) (size 1.524 4.2) (layers F.Cu F.Paste F.Mask)
      (net 23 "Net-(J1-Pad1)"))
    (pad 2 smd rect (at 4.4 2.75 180) (size 1.524 4.2) (layers F.Cu F.Paste F.Mask)
      (net 9 GND))
    (pad 2 smd rect (at 0 2.75 180) (size 1.524 4.2) (layers B.Cu F.Paste F.Mask)
      (net 9 GND))
    (pad 2 smd rect (at 4.4 2.75 180) (size 1.524 4.2) (layers B.Cu F.Paste F.Mask)
      (net 9 GND))
  )

  (module RF_Module:HOPERF_RFM9XW_SMD (layer F.Cu) (tedit 5A030172) (tstamp 5BC001F8)
    (at 146.9644 76.7334 180)
    (descr " Low Power Long Range Transceiver Module SMD-16 http://www.hoperf.com/upload/rf/RFM95_96_97_98W.pdf")
    (tags " Low Power Long Range Transceiver Module")
    (path /5B6702FD)
    (attr smd)
    (fp_text reference U3 (at -7 -9.5 180) (layer F.SilkS)
      (effects (font (size 1 1) (thickness 0.15)))
    )
    (fp_text value RFM95W-868S2 (at 0 9.5 180) (layer F.Fab)
      (effects (font (size 1 1) (thickness 0.15)))
    )
    (fp_line (start -8 -8) (end 8 -8) (layer F.Fab) (width 0.12))
    (fp_line (start 8 8) (end 8 -8) (layer F.Fab) (width 0.12))
    (fp_line (start -8 8) (end 8 8) (layer F.Fab) (width 0.12))
    (fp_line (start -8 8) (end -8 -8) (layer F.Fab) (width 0.12))
    (fp_text user %R (at -0.481001 2.200501 180) (layer F.Fab)
      (effects (font (size 1 1) (thickness 0.15)))
    )
    (fp_line (start -8.12 -8.12) (end 0 -8.12) (layer F.SilkS) (width 0.1))
    (fp_line (start 6 8.12) (end 8.12 8.12) (layer F.SilkS) (width 0.1))
    (fp_line (start -9.45 -8.25) (end 9.45 -8.25) (layer F.CrtYd) (width 0.05))
    (fp_line (start 9.45 -8.25) (end 9.45 8.25) (layer F.CrtYd) (width 0.05))
    (fp_line (start -9.45 8.25) (end 9.45 8.25) (layer F.CrtYd) (width 0.05))
    (fp_line (start -9.45 8.25) (end -9.45 -8.25) (layer F.CrtYd) (width 0.05))
    (fp_line (start 8.12 8.12) (end 8.12 7.95) (layer F.SilkS) (width 0.1))
    (fp_line (start -8.12 8.12) (end -6 8.12) (layer F.SilkS) (width 0.1))
    (fp_line (start -8.12 8.12) (end -8.12 7.95) (layer F.SilkS) (width 0.1))
    (fp_line (start 6 -8.12) (end 8.12 -8.12) (layer F.SilkS) (width 0.1))
    (fp_line (start 8.12 -8.12) (end 8.12 -7.95) (layer F.SilkS) (width 0.1))
    (pad 1 smd rect (at -8 -7 180) (size 2 1) (layers F.Cu F.Paste F.Mask)
      (net 9 GND))
    (pad 2 smd rect (at -8 -5 180) (size 2 1) (layers F.Cu F.Paste F.Mask)
      (net 15 MISO))
    (pad 3 smd rect (at -8 -3 180) (size 2 1) (layers F.Cu F.Paste F.Mask)
      (net 17 MOSI))
    (pad 4 smd rect (at -8 -1 180) (size 2 1) (layers F.Cu F.Paste F.Mask)
      (net 16 SCK))
    (pad 5 smd rect (at -8 1 180) (size 2 1) (layers F.Cu F.Paste F.Mask)
      (net 18 CS))
    (pad 6 smd rect (at -8 3 180) (size 2 1) (layers F.Cu F.Paste F.Mask)
      (net 12 RESET))
    (pad 7 smd rect (at -8 5 180) (size 2 1) (layers F.Cu F.Paste F.Mask)
      (net 22 "Net-(U3-Pad7)"))
    (pad 8 smd rect (at -8 7 180) (size 2 1) (layers F.Cu F.Paste F.Mask)
      (net 9 GND))
    (pad 9 smd rect (at 8 7 180) (size 2 1) (layers F.Cu F.Paste F.Mask)
      (net 23 "Net-(J1-Pad1)"))
    (pad 10 smd rect (at 8 5 180) (size 2 1) (layers F.Cu F.Paste F.Mask)
      (net 9 GND))
    (pad 11 smd rect (at 8 3 180) (size 2 1) (layers F.Cu F.Paste F.Mask)
      (net 24 "Net-(U3-Pad11)"))
    (pad 12 smd rect (at 8 1 180) (size 2 1) (layers F.Cu F.Paste F.Mask)
      (net 25 "Net-(U3-Pad12)"))
    (pad 13 smd rect (at 8 -1 180) (size 2 1) (layers F.Cu F.Paste F.Mask)
      (net 10 VCC))
    (pad 14 smd rect (at 8 -3 180) (size 2 1) (layers F.Cu F.Paste F.Mask)
      (net 30 "Net-(R2-Pad2)"))
    (pad 15 smd rect (at 8 -5 180) (size 2 1) (layers F.Cu F.Paste F.Mask)
      (net 26 "Net-(U3-Pad15)"))
    (pad 16 smd rect (at 8 -7 180) (size 2 1) (layers F.Cu F.Paste F.Mask)
      (net 27 "Net-(U3-Pad16)"))
    (model ${KISYS3DMOD}/RF_Module.3dshapes/HOPERF_RFM9XW_SMD.wrl
      (at (xyz 0 0 0))
      (scale (xyz 1 1 1))
      (rotate (xyz 0 0 0))
    )
  )

  (module nodemcu:NodeMCU_Amica_R2 (layer B.Cu) (tedit 5A22F9CB) (tstamp 5BC011BB)
    (at 135.5725 102.2985)
    (descr "Through-hole-mounted NodeMCU 0.9")
    (tags nodemcu)
    (path /5B67006C)
    (fp_text reference U1 (at 11.43 -12.68) (layer B.SilkS)
      (effects (font (size 1 1) (thickness 0.15)) (justify mirror))
    )
    (fp_text value "NodeMCU_1.0_(ESP-12E)" (at 11.43 -45.085) (layer B.Fab)
      (effects (font (size 2 2) (thickness 0.15)) (justify mirror))
    )
    (fp_line (start 15.24 -37.465) (end 15.24 -42.545) (layer B.CrtYd) (width 0.15))
    (fp_line (start 7.62 -37.465) (end 15.24 -37.465) (layer B.CrtYd) (width 0.15))
    (fp_line (start 7.62 -42.545) (end 7.62 -37.465) (layer B.CrtYd) (width 0.15))
    (fp_line (start -1.905 -42.545) (end -1.905 6.35) (layer B.CrtYd) (width 0.15))
    (fp_line (start 24.765 -42.545) (end -1.905 -42.545) (layer B.CrtYd) (width 0.15))
    (fp_line (start 24.765 6.35) (end 24.765 -42.545) (layer B.CrtYd) (width 0.15))
    (fp_line (start -1.905 6.35) (end 24.765 6.35) (layer B.CrtYd) (width 0.15))
    (fp_line (start -1.27 -1.27) (end -1.27 -36.83) (layer B.SilkS) (width 0.15))
    (fp_line (start -1.27 -36.83) (end 1.27 -36.83) (layer B.SilkS) (width 0.15))
    (fp_line (start 1.27 -36.83) (end 1.27 -1.27) (layer B.SilkS) (width 0.15))
    (fp_line (start 1.55 1.55) (end 1.55 0) (layer B.SilkS) (width 0.15))
    (fp_line (start 1.27 -1.27) (end -1.27 -1.27) (layer B.SilkS) (width 0.15))
    (fp_line (start -1.55 0) (end -1.55 1.55) (layer B.SilkS) (width 0.15))
    (fp_line (start -1.55 1.55) (end 1.55 1.55) (layer B.SilkS) (width 0.15))
    (fp_line (start 21.59 -36.83) (end 24.13 -36.83) (layer B.SilkS) (width 0.15))
    (fp_line (start 21.59 1.27) (end 21.59 -36.83) (layer B.SilkS) (width 0.15))
    (fp_line (start 24.13 1.27) (end 21.59 1.27) (layer B.SilkS) (width 0.15))
    (fp_line (start 24.13 -36.83) (end 24.13 1.27) (layer B.SilkS) (width 0.15))
    (pad 1 thru_hole oval (at 0 0) (size 2.032 1.7272) (drill 1.016) (layers *.Cu *.Mask B.SilkS)
      (net 1 "Net-(U1-Pad1)"))
    (pad 2 thru_hole oval (at 0 -2.54) (size 2.032 1.7272) (drill 1.016) (layers *.Cu *.Mask B.SilkS)
      (net 2 "Net-(U1-Pad2)"))
    (pad 3 thru_hole oval (at 0 -5.08) (size 2.032 1.7272) (drill 1.016) (layers *.Cu *.Mask B.SilkS)
      (net 3 "Net-(U1-Pad3)"))
    (pad 4 thru_hole oval (at 0 -7.62) (size 2.032 1.7272) (drill 1.016) (layers *.Cu *.Mask B.SilkS)
      (net 4 "Net-(U1-Pad4)"))
    (pad 5 thru_hole oval (at 0 -10.16) (size 2.032 1.7272) (drill 1.016) (layers *.Cu *.Mask B.SilkS)
      (net 28 "Net-(JP1-Pad1)"))
    (pad 6 thru_hole oval (at 0 -12.7) (size 2.032 1.7272) (drill 1.016) (layers *.Cu *.Mask B.SilkS)
      (net 5 "Net-(U1-Pad6)"))
    (pad 7 thru_hole oval (at 0 -15.24) (size 2.032 1.7272) (drill 1.016) (layers *.Cu *.Mask B.SilkS)
      (net 6 "Net-(U1-Pad7)"))
    (pad 8 thru_hole oval (at 0 -17.78) (size 2.032 1.7272) (drill 1.016) (layers *.Cu *.Mask B.SilkS)
      (net 7 "Net-(U1-Pad8)"))
    (pad 9 thru_hole oval (at 0 -20.32) (size 2.032 1.7272) (drill 1.016) (layers *.Cu *.Mask B.SilkS)
      (net 8 "Net-(U1-Pad9)"))
    (pad 10 thru_hole oval (at 0 -22.86) (size 2.032 1.7272) (drill 1.016) (layers *.Cu *.Mask B.SilkS)
      (net 9 GND))
    (pad 11 thru_hole oval (at 0 -25.4) (size 2.032 1.7272) (drill 1.016) (layers *.Cu *.Mask B.SilkS)
      (net 10 VCC))
    (pad 12 thru_hole oval (at 0 -27.94) (size 2.032 1.7272) (drill 1.016) (layers *.Cu *.Mask B.SilkS)
      (net 11 "Net-(U1-Pad12)"))
    (pad 13 thru_hole oval (at 0 -30.48) (size 2.032 1.7272) (drill 1.016) (layers *.Cu *.Mask B.SilkS)
      (net 31 "Net-(U1-Pad13)"))
    (pad 14 thru_hole oval (at 0 -33.02) (size 2.032 1.7272) (drill 1.016) (layers *.Cu *.Mask B.SilkS)
      (net 9 GND))
    (pad 15 thru_hole oval (at 0 -35.56) (size 2.032 1.7272) (drill 1.016) (layers *.Cu *.Mask B.SilkS)
      (net 29 "Net-(C5-Pad1)"))
    (pad 30 thru_hole oval (at 22.86 0) (size 2.032 1.7272) (drill 1.016) (layers *.Cu *.Mask B.SilkS)
      (net 12 RESET))
    (pad 18 thru_hole oval (at 22.86 -30.48) (size 2.032 1.7272) (drill 1.016) (layers *.Cu *.Mask B.SilkS)
      (net 13 "Net-(U1-Pad18)"))
    (pad 17 thru_hole oval (at 22.86 -33.02) (size 2.032 1.7272) (drill 1.016) (layers *.Cu *.Mask B.SilkS)
      (net 9 GND))
    (pad 19 thru_hole oval (at 22.86 -27.94) (size 2.032 1.7272) (drill 1.016) (layers *.Cu *.Mask B.SilkS)
      (net 14 "Net-(U1-Pad19)"))
    (pad 25 thru_hole oval (at 22.86 -12.7) (size 2.032 1.7272) (drill 1.016) (layers *.Cu *.Mask B.SilkS)
      (net 10 VCC))
    (pad 26 thru_hole oval (at 22.86 -10.16) (size 2.032 1.7272) (drill 1.016) (layers *.Cu *.Mask B.SilkS)
      (net 32 "Net-(U1-Pad26)"))
    (pad 24 thru_hole oval (at 22.86 -15.24) (size 2.032 1.7272) (drill 1.016) (layers *.Cu *.Mask B.SilkS)
      (net 9 GND))
    (pad 16 thru_hole oval (at 22.86 -35.56) (size 2.032 1.7272) (drill 1.016) (layers *.Cu *.Mask B.SilkS)
      (net 10 VCC))
    (pad 22 thru_hole oval (at 22.86 -20.32) (size 2.032 1.7272) (drill 1.016) (layers *.Cu *.Mask B.SilkS)
      (net 15 MISO))
    (pad 23 thru_hole oval (at 22.86 -17.78) (size 2.032 1.7272) (drill 1.016) (layers *.Cu *.Mask B.SilkS)
      (net 16 SCK))
    (pad 21 thru_hole oval (at 22.86 -22.86) (size 2.032 1.7272) (drill 1.016) (layers *.Cu *.Mask B.SilkS)
      (net 17 MOSI))
    (pad 20 thru_hole oval (at 22.86 -25.4) (size 2.032 1.7272) (drill 1.016) (layers *.Cu *.Mask B.SilkS)
      (net 18 CS))
    (pad 28 thru_hole oval (at 22.86 -5.08) (size 2.032 1.7272) (drill 1.016) (layers *.Cu *.Mask B.SilkS)
      (net 19 I2C_SCL))
    (pad 27 thru_hole oval (at 22.86 -7.62) (size 2.032 1.7272) (drill 1.016) (layers *.Cu *.Mask B.SilkS)
      (net 20 INT))
    (pad 29 thru_hole oval (at 22.86 -2.54) (size 2.032 1.7272) (drill 1.016) (layers *.Cu *.Mask B.SilkS)
      (net 21 I2C_SDA))
    (pad "" np_thru_hole circle (at 0.8 -39.38) (size 3.2 3.2) (drill 3.2) (layers *.Cu *.Mask))
    (pad "" np_thru_hole circle (at 22 -39.38) (size 3.2 3.2) (drill 3.2) (layers *.Cu *.Mask))
    (pad "" np_thru_hole circle (at 22 4.25) (size 3.2 3.2) (drill 3.2) (layers *.Cu *.Mask))
    (pad "" np_thru_hole circle (at 0.75 4.25) (size 3.2 3.2) (drill 3.2) (layers *.Cu *.Mask))
  )

  (gr_line (start 127.2794 55.1942) (end 127.3302 55.245) (layer Edge.Cuts) (width 0.1) (tstamp 5BC039F3))
  (gr_line (start 127.3302 108.6104) (end 127.3302 55.245) (layer Edge.Cuts) (width 0.1))
  (gr_line (start 165.6334 108.7628) (end 127.3302 108.6104) (layer Edge.Cuts) (width 0.1))
  (gr_line (start 165.6334 55.1942) (end 165.6334 108.7628) (layer Edge.Cuts) (width 0.1))
  (gr_line (start 127.4064 55.1942) (end 165.6334 55.1942) (layer Edge.Cuts) (width 0.1))

  (segment (start 159.8485 87.0585) (end 160.1978 86.7092) (width 0.4) (layer F.Cu) (net 9))
  (segment (start 158.4325 87.0585) (end 159.8485 87.0585) (width 0.4) (layer F.Cu) (net 9) (status 10))
  (segment (start 160.1978 86.7092) (end 160.1978 84.0486) (width 0.4) (layer F.Cu) (net 9))
  (segment (start 156.2644 83.7334) (end 154.9644 83.7334) (width 0.3) (layer F.Cu) (net 9) (status 20))
  (segment (start 156.75569 83.24211) (end 156.2644 83.7334) (width 0.3) (layer F.Cu) (net 9))
  (segment (start 159.39131 83.24211) (end 156.75569 83.24211) (width 0.3) (layer F.Cu) (net 9))
  (segment (start 160.1978 84.0486) (end 159.39131 83.24211) (width 0.3) (layer F.Cu) (net 9))
  (via (at 143.4592 57.658) (size 2) (drill 1) (layers F.Cu B.Cu) (net 9))
  (segment (start 140.9602 57.6326) (end 143.4338 57.6326) (width 0.4) (layer F.Cu) (net 9) (status 10))
  (segment (start 143.4338 57.6326) (end 143.4592 57.658) (width 0.4) (layer F.Cu) (net 9))
  (via (at 133.7056 57.5564) (size 2) (drill 1) (layers F.Cu B.Cu) (net 9))
  (segment (start 136.5602 57.6326) (end 133.7818 57.6326) (width 0.4) (layer F.Cu) (net 9) (status 10))
  (segment (start 133.7818 57.6326) (end 133.7056 57.5564) (width 0.4) (layer F.Cu) (net 9))
  (segment (start 129.2172 92.1512) (end 129.1918 92.1766) (width 0.4) (layer F.Cu) (net 9))
